F_Ciff = 1 - r =  0.9686025581069311
A =  0.6454968382268171
B =  0.3041216017103204