F_Ciff = 1 - r =  0.9669323950015718
A =  0.6167747530859766
B =  0.274528363333668