F_Ciff = 1 - r =  0.9747125662014858
A =  0.6397559716069624
B =  0.2752890139906733